100
490.61598 1.48759 1999.64403
497.49546 1.01413 1918.91132
500.0 1.53 229.8087
491.57193 1.11374 1903.31527
496.60574 1.13237 1942.34703
154.308 2.0 2000.00000
381.00000 1.00000 398.00000
39.51387 2.93671 936.94383
493.53292 1.28015 1988.40048
201.0 1.26014 799.9
40.12006 1.97930 66.98390
459.0 3.0 229.0
296.0 1.0 1671.860
45.13348 3.7 1.00
1.00 3.363 1892.0
372.0 3.0 1749.0
63.84420 3.94259 1506.86785
21.94028 2.36119 488.99842
100.42269 3.04236 1444.39637
494.62965 1.24486 1976.24940
1.36021 3.34045 2.58643
491.77227 1.00998 1997.98657
490.17070 1.10283 1962.99881
243.0 2.0 689.0
198.0 1.0 1960.0
1.02219 3.31001 1999.51776
295.94014 3.65924 1068.88482
246.00000 2.00000 492.00000
492.42173 1.30090 1985.01167
491.99430 1.20156 1900.71361
306.00000 2.00000 612.00000
179.14729 2.94301 1847.88476
384.93050 2.29073 490.92300
492.87068 1.15539 1978.82963
497.74390 1.08495 1968.67514
317.49079 3.13582 943.58522
104.0 4.0 422.17513
492.71000 1.28151 1930.41007
489.051 2.2 1882.8
490.00436 1.39185 1964.10027
493.91738 1.03419 1956.63359
82.089 1.00 102.711
359.0 3.5544 91.4414
497.80232 1.14230 1928.66590
283.00000 1.00000 285.00000
316.21861 3.86265 899.94503
334.00000 3.00000 375.00000
497.65159 1.03653 1995.31780
171.42112 3.19420 996.44674
490.38271 1.44195 1998.09875
498.89641 1.20690 1901.36372
490.05972 1.09175 1939.42979
339.5 1.0390 390.6404
238.89033 2.0 773.07
31.0 2.0 1012.0
190.0 2.0 662.0
495.27038 1.34085 1904.28901
490.90068 1.05974 1921.27440
493.60278 1.22121 1996.75105
496.14453 1.35089 1975.96607
1.07368 3.40321 1999.07763
294.00000 2.00000 588.00000
430.00462 1.03824 1355.20532
455.0 4.0 904.0
318.324 2.93 739.42
94.0 2.0 1954.0
451.0 3.0 728.0
287.07229 3.21230 1757.07725
118.2167 1.33 1049.7
492.10112 1.15979 1945.62075
491.62132 1.14518 1954.77190
329.17178 2.54398 148.87745
354.0 1.0 1252.0
492.27221 1.21508 1920.43696
493.97072 1.85171 1541.13459
379.95754 3.95964 626.05485
498.04046 1.25246 1918.47224
498.66693 1.26426 1951.11984
215.0 2.0 1004.0
446.98196 3.53646 972.03044
492.73745 1.11849 1991.71329
497.09544 1.03359 1921.54433
97.00000 2.00000 194.00000
344.831 2.0 1019.4
490.50144 1.30523 1980.99154
138.31880 3.94346 1156.33605
490.49643 1.24201 1994.31662
85.66958 1.30 1312.0
165.56871 3.77188 1113.88735
117.81749 3.85817 692.90672
498.68433 1.11648 1981.06861
78.6 2.92366 1498.725
110.0 1.0 403.0
165.0 1.0 1661.0
467.00000 1.00000 496.00000
1.02798 3.05646 1999.53768
14.0 4.0 861.0
409.49 1.0 261.943
498.38211 1.06359 1999.33643
1.03376 3.98056 1999.53124
